function f = flipfeat_lbp(f)

% f = flipfeat(f)
% Horizontal-flip LBP features.
% Used for learning symmetric models.

% flip permutation
p = [1,5,3,6,2,4,7,30,31,32,...
    33,23,37,38,39,40,17,24,43,44,...
    45,46,12,18,25,48,49,50,51,8,...
    9,10,11,34,41,47,13,14,15,16,...
    35,42,19,20,21,22,36,26,27,28,...
    29,52,55,57,53,56,54,58,59]; %texture
f = f(:,end:-1:1,p);
