function f = flipfeat_hoglbp(f)

% f = flipfeat(f)
% Horizontal-flip HOG and LBP features.
% Used for learning symmetric models.

% flip permutation
p = [10,9,8,7,6,5,4,3,2,1,...
    18,17,16,15,14,13,12,11,19,27,...
    26,25,24,23,22,21,20,30,31,28,...
    29,...hog
    32,36,34,37,33,35,38,61,62,63,...
    64,54,68,69,70,71,48,55,74,75,...
    76,77,43,49,56,79,80,81,82,39,...
    40,41,42,65,72,78,44,45,46,47,...
    66,73,50,51,52,53,67,57,58,59,...
    60,83,86,88,84,87,85,89,90]; ... lbp
    
f = f(:,end:-1:1,p);
